275
158
7
148
40
141
154
72
165
61
31
197
282
293
18
283
105
134
138
60
118
133
5
245
290
158
111
150
72
69
45
44
215
161
135
3
287
64
184
180
195
240
143
77
227
225
180
8
53
233
208
131
142
199
198
226
140
21
173
101
46
216
22
263
159
48
120
225
238
272
90
156
122
35
184
21
172
228
135
52
63
191
155
119
89
40
201
72
93
250
41
146
143
123
114
270
205
291
154
280
8
292
138
24
166
211
12
129
159
34
166
257
219
165
57
42
23
173
97
75
279
144
121
248
294
113
59
240
7
151
3
87
291
79
82
7
60
164
124
295
135
104
139
232
48
66
247
16
286
142
129
15
300
42
155
117
292
109
96
25
279
205
108
54
169
183
205
195
288
276
186
102
114
196
50
2
11
73
8
209
50
119
273
172
119
32
209
274
135
57
160
129
120
62
299
16
202
176
123
212
71
105
253
287
288
175
58
30
11
187
7
121
116
27
172
167
215
215
231
201
58
178
247
95
285
152
111
224
47
102
82
24
179
288
178
169
17
223
201
88
102
188
254
208
14
146
216
6
106
117
233
141
144
12
102
2
214
211
33
290
55
225
186
195
245
197
55
76
107
236
90
173
218
180
194
297
214
86
144
89
266
87
245
33
99
196
234
164
134
295
106
285
212
113
41
228
98
132
17
30
85
202
39
188
290
209
202
124
121
252
18
31
3
56
160
90
260
148
154
284
258
157
208
35
243
85
61
220
80
225
64
110
153
257
268
14
171
173
161
160
187
184
172
295
113
255
181
87
184
241
276
271
206
26
167
163
208
251
82
93
223
77
292
116
201
73
215
52
240
280
235
77
151
230
158
75
39
198
51
238
83
223
24
267
257
217
244
144
143
143
65
18
2
180
36
125
97
101
85
46
91
42
1
114
2
238
145
115
99
62
145
93
52
250
158
181
12
234
249
229
173
257
71
124
289
247
104
264
140
261
278
39
266
218
282
205
97
57
78
282
141
102
7
197
73
34
219
155
166
260
194
144
246
38
171
67
1
289
292
74
240
231
279
276
292
261
64
246
2
163
59
223
171
185
133
213
149
266
242
36
247
6
110
98
114
2
156
153
30
169
37
131
188
211
9
272
122
137
163
216
90
216
80
219
159
47
269
283
258
27
232
52
277
61
164
202
6
15
140
36
79
55
275
7
88
205
113
71
191
282
130
167
17
55
31
261
156
37
42
107
192
210
166
33
254
294
37
106
105
210
259
97
103
262
109
296
217
190
291
298
92
261
300
64
289
172
279
215
106
77
197
254
166
38
201
143
216
34
222
34
19
67
256
28
65
201
126
15
90
86
236
152
235
173
134
128
177
181
282
267
11
216
272
98
265
258
136
219
229
244
134
264
71
240
56
66
71
137
285
286
239
24
84
146
134
95
255
278
292
140
221
185
199
7
230
140
21
139
235
124
283
159
290
33
160
121
210
18
7
111
248
16
220
195
101
149
282
195
171
196
21
27
140
132
195
269
290
61
240
15
260
96
27
103
183
69
54
198
230
183
120
104
141
5
192
243
145
138
18
259
49
179
155
51
32
52
230
259
31
134
79
175
190
183
278
13
122
182
204
195
207
239
21
108
223
88
135
98
157
188
116
248
2
91
179
72
187
130
102
205
121
201
68
191
150
95
145
230
256
270
253
28
254
290
238
150
268
289
278
259
238
168
89
16
188
176
153
47
167
42
104
205
250
133
31
256
208
148
132
14
88
289
46
201
255
200
238
175
286
295
254
151
106
241
283
140
191
180
157
115
283
293
276
77
142
140
201
292
264
285
197
103
68
14
2
163
135
155
214
242
158
254
121
112
228
79
97
267
3
69
102
133
46
97
20
295
259
287
151
96
252
132
196
151
294
245
204
255
159
12
266
161
129
250
267
100
30
134
29
233
300
250
102
120
43
281
178
36
60
169
86
253
219
62
28
175
248
160
107
65
65
192
21
87
13
163
114
129
296
199
15
130
88
159
228
233
180
184
297
198
264
240
67
62
99
264
220
214
287
177
216
259
252
72
217
78
174
253
246
67
81
226
184
81
24
17
58
193
176
14
196
178
25
61
231
21
35
252
49
237
201
17
98
258
169
298
90
111
241
161
169
60
294
87
168
139
191
131
98
48
171
113
225
227
49
181
178
287
176
97
186
167
135
213
69
208
259
107
128
58
64
169
168
73
23
2
108
258
114
166
141
33
195
177
264
105
112
114
288
215
170
66
132
16
170
48
27
28
79
117
148
51
31
95
100
183
234
279
195
100
157
247
163
193
195
297
103
82
297
178
242
1
288
210
194
24
197
88
156
29
208
13
280
82
203
205
131
243
247
135
218
117
1
225
42
48
30
12
90
33
59
54
265
111
281
195
12
151
199
166
89
283
198
284
242
253
78
54
216
225
217
74
254
108
96
51
141
138
223
216
45
237
298
30
269
181
41
197
258
169
36
210
133
292
60
80
185
189
247
26
4
95
117
272
262
251
111
186
65
251
237
179
213
84
8
4
258
189
47
214
280
84
41
120
218
52
270
269
124
135
90
17
207
118
236
54
198
137
36
196
261
197
271
128
125
3
248
50
51
166
25
51
195
168
265
41
281
177
115
84
209
36
208
81
297
95
155
253
24
37
195
157
103
231
102
49
274
82
288
7
225
193
274
36
199
128
286
227
197
252
63
235
82
194
6
193
38
275
107
122
149
205
100
269
252
59
283
212
182
281
52
111
133
293
241
9
149
152
286
272
221
293
256
241
96
264
200
145
134
165
190
231
166
99
4
170
178
291
74
121
220
158
253
130
282
122
198
222
138
118
19
95
246
46
60
41
48
233
205
99
210
264
187
129
202
255
202
222
110
26
205
115
203
254
229
154
118
105
192
133
175
157
240
46
88
174
127
43
52
248
214
79
250
279
173
262
137
81
12
22
24
42
181
264
195
28
84
279
137
206
162
272
248
277
138
262
62
246
118
43
33
52
56
281
154
196
45
224
298
254
211
245
158
239
67
57
197
252
203
52
184
96
235
36
72
165
124
114
42
240
247
238
156
294
208
71
85
73
193
253
211
262
130
54
208
35
271
8
260
236
84
174
173
217
225
220
192
34
180
56
185
206
154
207
118
106
34
244
89
74
104
237
293
296
168
170
90
245
111
12
168
171
298
204
163
81
132
112
181
74
262
121
222
95
88
133
107
161
140
222
133
144
201
175
205
202
59
122
295
231
60
271
170
251
235
146
185
35
187
250
125
272
155
21
232
256
133
60
70
261
93
98
231
209
133
101
289
93
279
272
117
297
222
267
175
153
140
263
125
40
223
125
281
293
190
69
8
136
121
145
46
120
115
237
140
226
110
99
80
285
135
238
113
35
53
50
29
170
172
199
202
2
14
104
119
46
262
21
210
88
15
96
291
146
113
127
132
200
211
38
57
97
239
280
180
74
77
297
98
110
140
260
223
32
171
189
237
12
299
92
113
260
54
277
191
6
135
151
36
107
64
93
90
235
49
100
96
221
120
50
27
11
262
168
137
125
287
244
196
25
124
73
278
18
147
217
188
285
36
224
218
71
275
19
117
25
14
15
163
137
63
145
149
80
38
114
23
244
253
61
192
269
136
294
201
34
286
190
219
80
199
90
40
96
107
177
233
17
175
205
67
210
231
290
223
283
19
35
264
219
71
167
155
182
112
25
42
293
215
212
49
139
210
60
219
271
173
259
194
59
56
11
208
245
49
164
285
76
195
191
260
293
189
127
162
179
50
30
126
51
47
264
203
174
49
187
74
42
208
23
296
197
82
126
215
56
210
2
169
55
38
204
223
186
182
141
256
140
186
6
119
86
214
295
41
153
148
233
68
296
187
286
84
211
284
91
14
265
271
4
192
22
9
108
83
292
105
65
225
66
32
226
200
184
41
291
138
111
165
34
265
61
297
109
63
185
72
64
236
41
172
3
15
46
20
162
109
59
216
248
147
95
181
300
258
183
186
20
300
281
1
44
119
112
44
117
115
170
198
234
93
140
179
294
118
272
50
258
201
173
107
220
215
126
148
263
38
298
173
146
216
76
144
51
102
127
64
35
61
75
182
14
168
53
266
157
84
255
74
96
266
245
245
220
188
138
133
63
11
255
178
198
187
132
50
20
199
71
86
57
260
291
290
54
271
242
294
68
89
9
108
214
42
51
271
170
287
49
134
237
296
107
84
121
159
1
189
50
21
176
264
100
98
146
24
258
204
181
123
118
216
81
285
182
268
64
78
93
10
83
27
180
111
163
285
200
154
186
91
300
277
242
32
141
255
93
238
73
193
94
66
151
90
238
245
145
84
126
124
222
290
70
276
75
77
300
198
265
136
284
270
34
218
238
44
276
28
125
142
177
289
270
12
65
92
200
94
285
136
154
192
222
44
150
277
192
123
155
115
31
96
239
128
45
219
93
63
98
124
259
167
196
215
1
296
277
129
199
296
255
111
156
177
296
262
182
251
94
148
220
98
152
129
31
257
273
127
65
285
200
64
246
151
207
211
217
8
135
21
113
8
274
257
133
31
24
292
246
270
161
261
220
279
1
245
191
81
77
50
263
178
118
100
261
87
247
101
154
244
172
212
86
150
181
159
76
137
43
223
233
10
166
163
109
59
264
27
243
184
160
5
261
288
153
220
219
219
197
74
185
175
145
168
43
59
41
217
35
228
204
84
288
256
270
196
274
88
273
159
63
206
237
68
287
205
191
269
13
201
94
52
165
205
62
234
232
265
239
49
136
197
98
11
180
100
168
211
39
190
169
66
45
37
115
117
37
168
237
109
140
264
6
99
187
154
185
266
224
177
157
267
60
262
163
12
199
170
261
134
20
164
111
123
236
186
130
216
299
158
138
65
242
287
218
165
14
42
204
170
161
62
32
292
84
189
176
289
35
144
291
141
251
154
167
273
122
62
94
265
204
185
108
132
9
60
32
218
89
60
213
190
75
25
242
135
170
148
266
254
2
195
222
275
185
133
186
197
212
100
43
181
211
24
5
277
250
153
298
82
280
154
127
235
85
20
135
101
44
233
253
194
14
84
122
152
80
284
130
197
214
62
295
171
239
287
37
68
163
125
100
71
164
166
154
193
129
268
116
243
269
218
254
36
30
188
243
32
194
181
93
86
214
108
88
39
65
87
225
226
222
281
52
13
141
68
189
199
196
4
266
118
6
122
106
104
201
108
184
131
244
15
183
32
289
251
3
250
201
231
128
255
219
4
280
132
60
131
227
236
269
232
213
78
212
276
161
62
198
185
24
279
225
230
198
202
229
235
120
250
164
212
127
231
94
151
272
31
113
236
219
133
118
154
289
87
76
134
191
176
253
110
177
221
228
87
137
49
196
113
213
25
177
120
267
162
232
33
12
115
44
209
14
225
172
15
112
239
294
121
275
101
96
249
146
182
82
46
202
175
131
65
86
124
51
13
261
243
209
273
286
54
221
6
112
236
134
255
112
289
10
242
9
137
236
185
100
18
273
38
290
277
235
292
191
138
13
17
75
49
226
166
37
266
268
251
135
65
273
265
146
236
170
70
133
231
62
299
284
218
222
50
158
206
86
243
1
140
131
254
211
241
39
229
219
113
169
33
191
293
291
232
123
63
135
229
120
18
201
288
162
156
93
211
280
100
2
139
48
56
208
70
230
42
39
71
282
156
6
216
98
113
112
91
69
122
48
212
221
41
202
63
156
288
276
211
214
85
34
135
40
125
97
190
272
211
118
282
96
174
183
91
234
160
206
33
87
234
292
266
240
178
33
8
192
192
220
236
178
27
94
12
246
155
186
64
256
150
135
54
230
283
39
183
190
251
121
7
47
276
214
66
89
74
104
45
65
183
170
3
130
258
141
20
140
196
76
255
149
190
272
90
251
65
47
5
224
140
72
278
173
182
164
89
119
263
120
26
26
177
11
114
298
134
284
1
51
132
260
57
234
199
80
153
299
264
164
184
165
244
278
285
248
18
40
76
174
156
295
151
70
40
233
272
246
152
26
195
58
259
194
139
262
177
196
38
259
132
192
218
3
91
52
242
229
152
116
131
278
134
136
289
232
51
296
46
195
47
234
112
70
2
294
89
55
66
194
15
167
271
8
249
24
66
146
249
177
92
273
210
204
218
67
20
150
74
132
251
142
106
117
157
292
173
6
216
16
286
16
53
250
290
72
285
30
291
242
255
104
144
247
263
152
231
258
267
38
300
213
140
211
153
41
65
96
175
208
104
267
66
130
85
35
245
50
69
220
56
299
162
195
66
287
138
190
80
73
85
173
135
129
141
124
85
8
93
184
138
266
292
289
257
145
186
31
95
226
25
238
121
13
54
64
154
8
143
256
187
138
20
137
69
67
160
288
146
265
239
16
170
300
277
128
35
164
97
12
294
165
16
116
43
202
157
130
152
169
147
32
61
32
14
196
280
96
221
200
290
182
221
49
96
209
73
56
33
65
259
98
253
75
170
263
27
242
105
192
51
195
197
163
38
226
58
50
99
151
124
48
73
250
274
66
226
259
138
159
208
283
232
29
256
204
11
5
63
23
149
219
114
45
119
40
218
298
208
52
87
248
137
125
205
131
211
238
216
272
111
267
259
138
287
2
246
215
256
108
117
98
194
178
189
202
29
35
234
48
139
283
196
223
235
185
8
279
175
226
6
58
109
37
234
299
66
211
36
81
171
99
246
250
85
8
46
199
190
104
31
205
11
109
133
15
8
146
246
195
189
227
193
2
168
119
166
262
69
265
103
248
75
189
2
206
59
187
62
254
74
107
71
226
2
270
190
11
183
232
192
200
26
200
113
17
10
141
105
52
286
170
208
63
68
171
113
164
68
299
18
1
25
78
268
98
8
9
226
5
263
300
13
169
72
102
96
99
276
28
6
83
162
96
295
166
50
278
123
148
286
158
232
234
150
286
37
74
25
208
30
210
40
187
209
28
186
210
256
242
1
258
91
162
15
124
99
152
179
222
36
261
72
206
269
142
161
254
194
165
79
257
20
247
28
161
13
47
176
94
142
103
268
237
53
62
256
224
162
59
230
185
7
15
7
131
210
150
252
149
290
33
85
45
238
131
158
271
173
202
156
218
139
109
146
205
57
263
159
100
65
142
254
15
61
127
162
156
255
139
108
225
299
221
5
200
246
188
155
45
51
217
172
233
36
51
155
70
127
298
226
107
223
171
279
3
190
69
15
70
125
119
99
288
151
99
25
294
218
254
186
169
222
253
206
242
55
35
241
100
233
276
163
150
184
215
15
205
187
9
33
94
125
163
140
90
71
74
239
47
49
69
133
109
25
250
264
150
100
47
168
34
258
51
23
149
27
7
188
140
35
265
61
121
130
100
264
46
97
292
65
78
115
91
225
201
191
221
145
80
205
51
188
199
4
219
241
244
242
97
198
268
143
53
24
206
208
277
275
90
129
49
10
139
190
138
27
284
240
95
82
260
188
24
15
88
261
241
251
32
8
121
62
239
164
149
129
263
135
285
170
85
114
50
201
127
76
261
264
297
18
72
190
87
80
185
27
273
109
143
70
276
5
15
152
107
156
241
242
170
167
231
175
172
127
237
151
107
113
271
141
297
140
245
64
253
208
199
282
280
111
97
4
108
130
89
298
4
266
162
99
123
285
131
93
250
204
184
196
114
185
118
104
219
82
106
48
275
65
93
185
280
291
218
52
176
282
115
228
176
115
212
76
227
269
248
178
49
193
212
128
95
299
153
229
11
91
160
157
171
13
159
291
260
127
125
160
87
175
238
197
100
6
179
60
159
258
249
189
213
61
202
175
90
192
144
89
136
186
203
186
65
175
76
167
22
239
226
124
103
282
274
182
241
166
19
36
206
101
144
200
268
260
163
185
276
107
86
58
290
92
120
228
109
264
214
210
113
242
273
188
73
190
32
154
37
244
277
120
19
17
109
101
190
190
84
81
81
159
29
220
293
111
252
76
127
256
89
2
180
16
239
16
43
22
6
71
30
249
138
83
147
167
2
27
188
253
26
5
16
196
28
275
137
1
54
279
220
263
192
176
240
19
146
267
12
74
157
204
171
52
247
158
276
68
247
117
294
298
150
234
219
201
2
264
299
178
200
236
93
119
217
171
232
255
248
241
133
233
299
76
242
173
169
124
37
253
281
138
209
96
247
82
245
63
108
103
92
270
178
86
75
204
288
57
110
194
14
297
203
293
177
103
296
299
179
47
265
138
244
51
246
48
251
186
194
107
96
188
103
84
39
227
217
117
116
1
262
186
166
117
219
95
61
52
46
247
275
253
25
59
73
8
158
10
26
142
38
208
58
227
262
83
53
202
140
7
102
156
292
151
264
85
167
182
129
31
88
245
251
189
14
89
202
105
96
93
200
180
241
192
23
256
138
5
141
163
46
246
233
6
127
240
101
297
68
71
278
132
179
226
187
34
299
76
188
130
75
1
126
271
240
117
189
35
210
12
150
133
259
35
114
62
132
176
56
223
203
241
42
228
194
51
217
27
202
139
100
141
291
12
74
43
162
273
240
38
113
14
5
218
60
232
97
255
176
83
120
60
150
255
283
273
232
231
74
13
193
277
114
199
43
173
69
54
228
95
211
59
60
299
10
207
298
58
59
18
64
206
156
129
220
253
252
96
16
145
203
163
173
72
281
272
270
54
159
63
221
66
104
35
153
82
13
69
22
247
2
7
121
113
294
161
189
292
265
161
245
271
123
147
55
10
263
249
228
146
173
101
108
126
299
144
273
112
183
260
222
68
103
70
300
16
153
158
235
219
138
43
175
228
295
5
137
8
51
92
181
150
230
281
224
159
55
256
272
297
122
164
28
70
259
89
141
61
244
112
252
189
288
42
16
147
164
248
86
34
254
247
80
52
299
13
183
86
295
127
74
15
76
221
105
107
156
5
64
298
23
277
67
209
178
87
14
199
88
98
119
277
6
267
220
228
299
166
80
133
241
63
292
133
246
112
92
37
55
95
298
207
86
87
263
251
268
92
213
115
16
282
225
121
158
153
120
108
155
223
148
270
201
216
97
60
182
11
25
187
15
105
76
233
166
92
112
214
229
55
278
77
66
291
271
7
87
5
246
86
89
187
206
289
288
181
67
266
161
296
215
225
78
233
151
182
87
163
10
184
59
18
266
80
196
243
96
132
201
224
273
120
36
243
17
215
61
59
111
77
6
22
284
281
203
103
41
84
184
142
63
235
215
80
101
208
131
270
200
268
160
101
170
126
224
239
52
6
174
37
135
104
148
241
287
71
73
273
161
95
27
64
2
161
274
294
180
286
162
290
270
165
247
158
257
275
295
26
275
297
239
8
237
227
39
79
227
43
223
261
4
140
298
29
33
52
81
146
177
214
137
284
217
146
101
183
27
48
85
14
254
102
110
148
160
122
80
159
9
130
239
174
55
205
163
236
63
44
200
25
232
15
270
237
262
109
217
240
139
268
250
63
38
13
167
80
34
23
47
195
70
34
78
41
150
283
129
125
35
151
9
112
45
125
128
99
278
163
244
264
217
121
119
22
145
157
78
170
71
56
237
115
117
37
30
90
230
59
167
273
113
9
102
139
55
299
281
100
65
34
83
142
224
198
158
23
246
39
182
19
71
268
66
122
210
137
290
250
153
154
135
6
158
275
66
183
11
38
52
91
94
66
288
262
184
232
47
116
30
113
26
168
69
100
236
273
111
224
177
66
149
180
135
276
15
172
10
171
154
239
95
204
172
133
171
169
77
62
138
164
272
217
15
125
147
77
242
207
237
191
12
158
88
179
5
210
144
24
196
189
47
10
30
80
56
228
193
29
6
234
25
297
185
100
165
35
275
258
103
33
98
125
283
294
166
277
53
228
135
59
272
120
176
253
155
51
44
180
274
243
260
217
74
242
41
176
283
85
143
250
224
192
224
213
124
241
300
95
88
203
293
239
232
222
193
94
60
68
253
168
154
181
285
144
18
257
36
168
245
140
210
195
260
178
167
33
43
296
58
197
168
127
208
250
41
154
289
276
161
221
187
148
13
207
101
78
104
208
157
151
20
30
28
107
196
264
283
131
6
90
65
54
182
197
209
163
12
106
173
243
33
244
24
268
289
216
252
141
146
227
34
150
106
128
291
188
170
47
60
1
5
114
70
173
180
47
145
138
208
101
285
48
45
167
39
111
288
262
7
204
140
238
184
272
150
137
31
270
237
18
56
180
125
63
86
254
235
94
76
119
197
80
210
127
224
67
2
293
267
134
137
274
188
143
101
183
133
274
216
299
174
144
248
29
186
28
10
282
14
105
224
219
77
153
31
81
2
169
216
212
268
92
153
185
213
56
287
252
143
231
108
180
38
220
123
126
270
176
238
106
16
240
142
53
247
42
214
70
286
185
79
160
123
206
190
50
295
116
84
115
51
79
124
293
285
69
178
88
5
61
57
268
19
280
224
208
163
278
49
61
73
11
233
91
151
3
9
32
161
130
98
190
244
273
117
78
272
86
143
100
27
126
256
181
43
269
290
251
198
10
226
248
270
147
190
271
112
46
52
57
215
26
203
159
296
209
80
16
171
183
165
270
19
276
53
191
146
283
141
48
5
61
10
24
19
101
17
96
185
254
27
268
141
108
278
159
275
32
257
268
223
164
223
4
184
266
80
157
142
30
277
124
101
18
191
170
148
168
288
253
10
23
133
194
209
156
19
202
104
247
133
85
47
91
121
286
282
41
264
56
248
16
294
171
17
129
94
51
121
188
181
96
151
226
68
275
3
161
19
132
79
80
45
82
2
121
144
246
88
193
1
146
93
178
171
61
202
74
223
35
148
101
79
7
93
233
180
121
181
167
284
118
265
179
228
83
220
271
145
38
208
198
25
191
233
278
252
41
164
240
95
251
58
297
226
74
108
266
166
279
223
196
218
182
11
275
182
38
162
26
25
46
31
117
83
188
84
133
218
276
62
87
33
287
277
263
56
140
241
3
86
226
203
116
3
197
233
62
33
154
43
140
217
179
60
60
114
142
241
179
246
178
248
112
205
187
111
198
16
102
16
37
48
256
6
102
133
150
75
150
134
184
225
248
53
60
162
280
19
54
142
257
195
228
275
81
217
284
41
193
35
148
204
154
66
120
26
129
70
113
294
215
175
171
42
205
115
164
142
157
76
100
91
299
155
261
226
3
129
47
143
142
287
175
149
30
61
250
39
114
210
104
100
110
178
30
158
245
156
26
143
161
152
269
124
29
11
99
170
42
133
249
290
246
32
230
84
83
35
268
145
248
9
181
260
70
139
194
47
38
89
233
166
47
178
131
56
219
264
198
123
10
36
255
29
232
208
284
97
55
192
63
149
91
270
130
259
196
212
193
250
295
153
90
292
30
223
31
108
281
286
19
235
113
86
42
139
165
107
185
72
176
176
190
38
270
22
18
244
226
111
46
36
130
284
103
109
298
40
147
225
297
73
104
4
30
176
251
19
279
178
164
182
194
45
165
22
280
250
202
132
244
266
24
163
250
228
164
81
196
165
132
190
244
63
184
159
164
166
89
123
277
226
271
272
169
174
50
256
267
226
127
225
4
215
222
255
160
185
153
182
42
209
288
123
114
240
158
135
239
242
134
65
250
114
118
229
35
197
157
193
59
59
232
77
161
58
103
228
51
26
59
31
209
227
49
73
180
127
70
235
263
99
56
179
179
95
79
192
275
206
20
80
199
246
186
229
127
65
15
56
45
2
273
94
299
65
269
286
111
281
116
234
119
134
218
129
167
84
109
61
219
78
231
209
142
105
41
259
82
109
44
234
203
67
3
151
264
104
171
16
111
245
300
225
140
102
212
32
194
211
231
286
30
63
113
54
26
41
108
204
225
273
191
285
220
174
92
248
247
236
249
51
132
72
60
128
181
14
190
141
135
183
223
266
254
96
243
134
288
217
127
193
198
257
257
112
104
76
180
12
62
180
82
109
112
252
7
133
12
162
22
34
275
223
67
34
147
238
135
131
200
204
295
213
114
229
278
265
83
23
197
114
84
209
67
171
129
56
282
32
75
183
80
71
134
13
101
78
85
254
94
206
95
65
281
96
249
78
30
212
70
189
31
210
279
62
218
242
234
5
158
242
128
54
24
253
126
280
57
176
215
96
143
72
229
61
252
251
76
56
251
95
226
8
96
205
45
277
41
204
211
236
250
161
14
73
90
204
213
235
216
52
173
288
186
119
11
66
20
76
94
205
67
280
98
34
150
253
84
186
105
41
136
290
234
142
261
91
146
132
271
261
28
70
140
185
172
220
17
234
15
187
266
82
285
139
291
62
114
280
246
90
85
217
16
293
285
63
204
48
246
215
61
49
31
257
24
264
75
215
255
239
31
65
66
224
289
84
248
198
273
289
277
188
221
244
255
62
4
69
216
85
153
100
196
255
180
195
246
81
13
110
23
217
209
21
132
287
145
43
141
186
107
111
130
276
81
90
74
61
241
264
243
132
287
68
89
56
221
110
170
278
31
263
247
161
172
99
90
162
247
285
207
156
2
196
82
140
173
150
39
82
294
136
178
3
95
89
198
235
248
18
291
28
142
295
208
186
188
218
99
208
263
166
201
75
27
288
222
188
39
96
286
21
266
70
70
92
6
294
175
163
80
94
222
2
283
207
27
84
1
223
114
118
147
257
82
265
55
85
166
136
285
219
50
220
42
153
98
173
160
213
7
202
51
65
276
155
8
273
100
67
108
293
260
26
16
246
92
114
226
116
20
100
176
72
213
116
282
157
63
260
101
74
55
249
182
246
65
182
173
281
33
10
55
79
1
4
106
154
117
243
226
250
86
267
134
130
256
215
7
20
203
169
148
69
19
5
118
61
257
259
213
188
224
290
93
20
253
248
267
9
286
279
271
121
67
257
265
88
252
174
136
198
131
40
134
95
33
206
11
292
96
88
136
90
143
47
135
84
54
193
110
79
114
57
52
254
179
57
175
148
35
128
279
179
113
48
96
279
284
85
67
255
117
110
166
254
38
40
176
32
28
190
242
144
225
278
100
227
284
180
204
253
88
198
84
3
92
258
152
226
259
197
164
108
99
47
268
233
40
22
217
236
38
262
113
264
101
251
222
218
35
147
257
7
242
287
185
129
221
229
77
265
293
177
246
33
200
180
65
106
124
156
259
63
128
174
250
119
94
120
274
116
153
146
248
256
56
145
119
187
89
7
261
246
280
178
5
68
139
128
200
11
48
165
248
114
62
174
270
220
28
155
263
57
287
39
279
187
281
73
227
192
284
65
18
165
17
218
98
215
194
272
205
36
54
42
123
196
53
219
279
59
232
199
138
152
98
167
138
77
63
159
15
296
162
186
107
209
261
227
241
300
105
140
194
74
225
154
20
76
278
268
278
211
176
278
206
230
180
265
298
74
78
16
241
288
88
224
293
65
238
207
255
266
29
20
251
216
181
38
207
99
276
67
149
289
56
200
280
2
260
215
113
33
73
16
68
48
125
16
266
269
193
33
211
170
259
66
37
285
59
82
220
186
142
110
75
67
111
266
275
31
91
123
239
207
179
196
58
9
201
114
274
107
137
38
51
127
112
134
7
264
46
66
198
101
84
200
46
277
123
34
131
177
170
48
28
127
45
133
203
177
45
114
96
105
16
211
128
253
211
282
128
184
146
81
131
223
139
78
33
171
18
290
190
268
230
255
27
238
284
51
145
300
38
87
111
40
76
76
35
87
178
247
251
268
187
90
234
93
256
117
30
142
165
207
158
141
10
29
287
30
181
154
243
86
238
126
223
267
42
148
297
202
216
175
251
218
276
290
248
133
112
55
261
258
61
206
180
30
292
18
91
112
114
57
214
132
78
159
153
65
60
132
61
142
104
42
295
189
232
207
69
200
201
180
195
266
29
1
85
68
57
93
258
106
223
198
38
37
15
38
23
286
177
203
178
288
189
111
6
131
201
243
91
66
275
202
296
7
63
128
255
165
50
167
44
166
148
9
278
74
140
133
226
177
230
146
164
19
51
266
26
178
13
28
27
89
116
38
61
101
245
116
89
85
135
122
268
151
113
178
162
77
242
132
224
99
127
46
24
95
60
108
101
227
101
114
239
212
54
291
130
65
292
223
187
153
180
88
22
114
260
104
218
155
184
152
8
104
158
88
173
67
60
66
150
26
148
206
70
265
181
3
18
74
227
109
42
71
136
48
225
273
68
127
245
6
56
197
246
269
183
135
258
251
28
94
46
276
102
9
45
264
179
151
143
252
44
229
275
36
226
162
248
31
203
275
52
20
222
20
238
228
238
170
174
193
73
220
195
257
274
37
213
106
185
156
54
83
294
35
71
90
129
16
40
3
49
20
123
133
168
162
248
28
48
189
216
105
285
137
239
238
188
175
242
173
76
278
167
41
93
296
131
188
171
120
109
173
58
266
133
281
119
275
275
294
294
57
110
213
263
36
217
169
30
200
185
208
153
252
105
141
269
300
10
177
60
14
300
294
116
199
189
45
187
299
4
249
96
57
247
274
121
271
176
46
126
147
119
117
201
15
25
155
128
215
147
299
71
223
102
84
226
182
268
287
138
188
52
117
113
223
117
270
276
297
25
166
97
221
175
118
128
160
81
31
215
266
13
65
100
293
102
192
250
147
122
32
43
91
226
145
167
163
237
121
287
221
27
77
267
290
138
147
9
240
123
279
195
181
191
210
173
134
114
140
270
124
85
147
2
30
274
241
171
250
28
155
149
14
263
212
182
141
116
174
136
66
296
35
84
177
300
187
29
58
139
12
121
80
287
138
43
50
104
288
127
272
103
274
159
136
175
95
121
254
218
170
207
48
222
294
194
236
220
231
291
187
294
204
8
246
119
217
179
255
55
222
53
295
149
260
214
116
82
103
107
221
51
22
8
37
283
74
79
42
279
156
173
24
210
180
216
259
134
62
262
225
233
179
2
14
37
187
299
135
102
220
170
50
63
182
217
56
78
106
71
28
21
269
50
190
21
279
295
237
124
66
61
220
201
175
184
181
101
236
135
21
254
58
63
228
29
51
22
73
10
38
74
91
58
28
250
6
92
144
196
279
244
194
56
137
213
112
100
230
150
253
109
233
38
61
225
129
275
127
43
157
231
139
234
184
247
159
148
7
186
288
188
33
293
114
135
228
105
55
268
225
284
23
85
129
299
275
68
190
30
148
15
72
185
201
78
278
32
61
135
230
265
22
151
17
159
187
112
228
290
227
210
33
223
289
166
76
195
145
12
224
38
293
219
223
190
166
282
226
7
176
171
164
258
104
165
153
113
293
62
77
195
19
192
26
273
164
299
270
236
141
221
256
76
82
177
99
116
106
182
109
78
35
44
145
29
1
223
80
205
217
102
83
4
130
230
300
100
149
291
293
159
293
140
73
233
153
289
194
192
286
175
121
292
248
226
286
66
51
248
225
95
138
293
194
42
242
88
46
285
65
48
120
180
201
21
181
107
278
55
268
69
52
296
297
297
173
7
127
264
144
74
177
56
245
168
264
57
228
249
192
161
34
282
29
151
174
280
169
185
41
26
53
222
212
164
243
4
290
88
130
107
137
260
65
154
137
151
293
95
255
293
157
33
124
125
62
117
178
190
198
209
282
212
5
117
241
209
149
52
206
33
193
218
272
11
147
275
185
265
158
99
249
28
85
138
154
300
110
297
290
106
67
41
248
293
98
13
102
280
54
35
290
1
273
139
271
143
236
71
213
202
53
164
189
192
214
73
82
221
294
163
285
67
136
23
170
143
179
117
130
164
2
194
270
203
41
294
140
134
151
292
81
122
12
49
140
160
14
39
254
5
116
212
148
290
68
201
189
203
253
3
215
190
271
236
143
98
253
170
175
162
24
282
77
292
131
142
59
126
83
106
113
41
100
226
111
274
139
43
175
221
75
231
44
44
42
43
264
90
94
274
276
265
230
257
233
99
16
167
94
35
264
282
190
294
165
260
161
212
57
100
12
183
51
73
183
220
48
36
259
281
166
86
189
297
256
35
233
223
135
215
190
281
266
89
240
201
216
186
201
95
141
139
261
205
56
290
236
293
279
73
109
99
71
7
288
101
155
217
290
286
195
200
299
194
56
103
161
277
93
7
51
51
252
40
95
278
255
51
64
12
267
94
111
287
80
183
86
221
98
168
276
222
109
14
167
237
146
116
7
67
283
19
248
183
12
57
123
171
94
123
174
125
24
36
26
203
191
202
255
137
195
111
156
242
101
197
181
298
27
103
293
79
87
85
24
272
26
289
158
106
25
210
139
47
202
58
185
216
38
67
230
39
19
59
167
40
229
169
66
53
116
3
193
167
232
182
228
115
16
70
286
122
294
235
178
204
118
104
270
166
275
253
111
160
118
180
227
68
194
270
183
30
246
149
156
138
157
5
245
140
105
3
133
241
258
169
224
51
296
275
279
272
279
121
43
17
49
22
286
278
112
292
94
130
166
64
262
77
184
32
75
192
106
187
135
192
271
199
129
39
89
220
87
222
136
131
130
217
12
158
130
119
37
221
103
11
66
131
293
56
69
101
99
252
158
254
128
176
71
88
259
292
233
287
53
213
206
68
221
80
270
179
113
245
209
187
219
180
46
144
112
292
207
259
249
43
1
297
194
15
172
292
142
77
89
34
163
166
113
234
204
273
237
162
177
59
300
206
273
185
187
272
87
46
138
141
256
256
172
158
271
174
253
132
45
30
16
28
121
114
145
140
3
8
154
103
244
118
244
120
155
228
177
45
111
121
42
252
188
58
69
170
299
299
66
68
209
53
187
264
285
268
247
291
53
180
153
271
162
216
59
225
275
297
135
99
121
87
2
273
254
255
142
195
230
94
98
271
52
217
66
294
64
39
266
220
34
207
206
128
96
60
262
155
39
49
299
2
23
153
96
282
187
206
211
184
192
4
256
41
46
205
113
162
83
170
158
265
125
92
5
186
299
64
127
251
131
242
149
139
255
134
197
90
264
204
52
298
31
121
234
294
56
95
292
64
232
99
286
88
237
222
95
35
18
122
287
215
192
33
196
107
135
98
1
92
117
80
134
11
111
220
188
244
246
53
277
251
186
273
185
95
53
169
224
104
287
104
5
50
188
175
279
163
165
149
238
181
285
273
16
296
43
62
119
172
267
10
202
143
27
139
94
160
113
165
180
5
82
55
194
174
277
32
129
286
59
296
54
200
135
268
151
30
198
45
222
43
54
93
236
222
111
286
232
107
201
53
23
218
38
234
153
208
69
225
91
248
68
34
174
191
294
64
31
77
153
177
118
203
232
102
140
155
271
284
119
207
274
106
71
44
149
148
237
200
85
129
128
20
149
298
176
169
283
72
228
173
286
195
91
290
176
266
228
178
12
116
90
242
194
104
66
206
18
243
277
84
240
98
159
184
238
66
96
12
163
12
160
211
258
279
252
269
39
111
27
194
153
18
114
92
87
198
154
243
199
187
67
80
214
285
203
209
286
207
142
11
115
182
36
108
21
110
261
275
206
143
276
70
209
206
253
147
26
61
132
251
161
258
41
4
193
145
195
154
206
31
139
220
226
237
136
174
213
90
85
197
294
271
121
79
135
9
206
200
19
215
239
232
173
255
18
297
263
172
28
73
36
137
12
273
231
145
170
282
54
42
198
179
224
33
93
42
243
48
197
116
229
194
249
238
43
62
73
80
75
33
282
282
95
183
239
161
182
250
38
14
150
254
68
204
133
218
50
222
271
12
210
98
12
200
77
74
30
12
23
116
18
209
47
60
143
291
181
91
154
54
163
43
95
58
225
14
193
217
214
224
298
180
220
275
103
35
193
158
76
116
228
134
216
79
160
17
141
229
259
254
41
265
277
107
104
21
46
151
279
174
99
181
63
119
157
170
143
146
224
173
46
158
286
60
120
171
193
136
48
64
162
24
146
169
210
188
158
223
236
198
253
286
35
272
275
118
125
178
24
226
169
79
116
242
29
228
1
275
76
43
152
171
220
61
206
153
176
225
232
262
280
84
208
23
164
123
71
19
146
299
131
153
299
97
146
121
158
72
159
260
259
55
100
231
266
8
164
127
188
89
109
13
71
83
185
251
86
276
212
34
238
39
76
160
127
154
207
231
255
72
174
148
230
259
146
272
127
45
123
229
219
252
291
166
32
284
188
277
152
238
62
233
160
235
29
53
115
147
6
276
1
42
251
22
39
28
121
245
151
179
225
221
42
18
232
94
281
254
263
173
119
203
178
96
16
95
3
23
155
169
110
206
108
128
194
31
183
33
14
143
14
200
211
274
23
279
15
286
25
199
86
78
279
8
251
133
247
133
289
248
144
274
283
1
216
112
171
295
91
98
100
108
165
227
111
97
52
107
217
294
287
162
265
102
275
255
203
217
295
284
254
28
54
210
160
44
263
193
202
15
14
228
55
81
295
146
280
260
9
270
256
184
144
159
17
119
239
73
212
84
258
173
32
39
78
29
160
192
76
206
283
275
268
26
227
226
178
62
40
272
109
204
33
95
43
294
156
19
157
26
24
260
168
259
273
106
75
129
149
265
136
151
279
148
43
69
196
38
291
198
231
121
158
50
192
217
296
109
18
46
87
132
13
246
234
177
42
201
297
291
242
82
81
100
193
83
103
274
275
196
21
278
74
197
150
121
28
287
256
242
169
300
127
258
172
296
65
139
7
270
177
249
39
203
88
134
271
12
127
89
280
99
96
4
153
98
239
124
207
260
195
62
274
144
18
35
101
262
106
12
128
152
220
17
53
285
140
203
269
27
110
202
283
88
155
88
146
200
214
253
20
59
138
6
276
144
63
176
260
283
135
139
212
209
75
261
157
171
261
99
194
94
114
99
53
69
71
86
70
266
7
32
60
35
7
102
221
7
52
80
219
98
134
102
142
51
112
57
282
175
276
292
206
20
48
178
121
189
300
175
108
149
68
29
67
78
156
294
49
34
133
50
232
87
54
168
87
124
220
259
128
180
232
259
202
172
29
210
125
225
265
90
132
113
136
181
64
269
95
49
160
75
6
36
247
299
139
194
57
140
298
234
83
12
148
223
126
180
118
297
287
273
184
205
111
161
224
119
209
233
195
210
52
202
217
3
43
142
14
93
100
14
38
197
160
205
254
42
112
137
208
10
119
56
158
209
245
142
24
261
275
245
279
8
89
279
47
149
224
200
237
66
265
152
291
203
278
207
118
295
273
80
265
57
140
112
162
284
156
291
166
55
122
279
87
168
17
230
105
20
168
253
184
36
257
120
198
293
25
224
41
240
92
94
170
43
149
90
119
264
219
72
127
168
241
80
203
86
25
202
72
190
169
242
183
200
198
286
130
171
134
273
193
202
45
198
70
275
60
127
59
192
56
71
68
10
156
188
270
105
115
150
204
166
276
134
147
253
86
288
112
29
237
53
121
278
82
187
265
63
54
90
82
281
298
61
135
75
10
276
127
60
250
155
34
194
269
104
24
168
70
152
130
151
41
93
16
222
127
73
11
64
59
209
264
100
278
34
190
108
52
64
199
250
25
225
88
115
21
194
233
160
276
203
277
39
125
54
192
145
257
23
217
83
25
295
164
139
47
185
95
184
204
85
258
241
25
215
281
3
286
79
228
47
137
297
107
173
13
33
8
266
102
195
159
100
134
206
174
263
144
23
30
116
62
217
104
172
245
72
233
135
130
85
274
29
123
23
265
253
229
271
26
252
88
33
12
298
299
120
154
177
189
246
194
211
57
180
59
219
11
57
59
74
245
104
18
212
56
43
213
167
209
19
277
273
219
95
71
139
281
88
247
57
173
138
186
215
280
48
26
16
228
261
50
297
50
138
211
190
11
165
131
101
10
136
177
87
110
122
12
89
284
135
219
80
276
145
132
206
65
144
26
146
94
240
260
238
263
19
56
15
19
265
207
249
280
20
6
140
15
110
13
5
135
156
60
28
30
138
10
125
81
48
18
254
253
49
74
114
11
287
32
292
207
142
28
55
292
297
288
189
77
206
300
214
218
87
183
222
10
201
17
133
148
281
73
137
135
146
282
89
151
113
57
247
8
280
126
114
181
226
121
263
264
165
128
109
221
98
6
260
9
183
66
217
173
79
23
179
117
38
221
29
92
252
63
175
285
172
106
77
47
68
74
12
241
117
220
68
168
35
160
9
57
82
15
55
299
246
295
90
183
204
131
52
192
65
24
89
279
5
71
204
22
40
220
111
224
10
25
217
183
137
250
4
103
150
158
270
193
98
227
163
155
239
136
32
99
97
14
203
271
144
143
36
44
124
262
18
4
184
225
254
261
48
17
293
49
193
173
143
294
275
131
190
158
262
216
227
169
246
104
66
154
13
114
18
161
230
63
96
4
41
217
32
275
299
235
55
92
219
105
133
133
263
186
193
138
231
187
244
147
95
115
246
185
121
242
13
138
180
147
291
291
202
208
18
207
87
94
90
272
5
193
65
76
272
6
85
55
78
80
226
4
170
37
113
9
238
68
58
74
219
164
149
226
138
151
31
282
297
182
16
222
24
153
288
115
243
173
45
229
132
259
117
298
192
209
293
135
270
1
274
114
202
165
143
237
127
290
292
130
141
213
103
288
192
170
240
221
10
281
122
167
60
141
45
280
281
279
248
161
37
54
211
140
287
167
256
205
20
232
103
293
17
265
252
39
72
37
188
99
285
30
110
176
173
271
242
70
179
108
231
24
140
36
105
103
188
33
137
238
171
203
125
192
80
157
290
139
172
177
286
184
5
15
268
112
61
250
21
116
47
262
210
30
73
14
288
277
138
152
298
260
227
77
224
78
17
231
136
181
26
213
18
135
33
158
49
78
40
161
143
31
100
133
86
199
74
294
188
144
284
109
1
26
262
125
181
195
155
172
58
16
51
145
126
22
237
50
40
109
190
145
288
83
9
216
58
299
39
143
187
250
78
204
27
26
151
175
98
2
66
53
252
226
170
185
214
275
266
265
263
134
96
258
254
182
251
163
252
12
262
86
115
34
291
149
57
51
204
114
157
190
18
7
28
217
229
87
146
28
165
145
169
260
73
170
32
141
235
177
94
23
187
149
87
175
261
165
167
175
285
89
25
130
107
122
53
133
275
32
258
78
56
28
105
91
10
283
42
201
281
133
54
161
18
33
155
297
121
103
108
236
167
229
272
4
97
179
2
4
276
8
93
59
250
69
100
230
100
175
239
292
23
43
35
132
104
127
7
40
61
53
53
175
10
214
279
201
42
239
274
122
220
1
53
164
102
176
265
137
223
239
223
40
25
9
37
114
212
40
8
67
289
255
271
36
54
129
94
51
58
135
232
297
146
132
65
256
1
84
88
292
57
259
80
264
162
85
67
229
39
100
165
42
86
48
87
243
168
28
201
1
217
281
187
240
261
98
126
205
3
8
300
109
38
75
24
212
144
5
222
259
264
119
254
183
19
266
212
25
241
166
194
169
102
187
163
81
234
19
271
266
177
203
275
269
298
15
244
122
262
213
290
42
217
240
115
47
249
153
289
166
249
298
145
262
280
208
210
250
198
184
253
180
135
27
127
283
266
12
64
253
99
281
63
86
95
236
5
57
114
48
117
135
146
11
10
268
195
224
16
253
38
95
174
206
209
278
82
187
65
29
182
275
300
287
89
62
153
287
253
275
245
160
168
186
225
90
171
90
32
128
255
264
105
40
237
269
146
46
221
4
25
210
166
278
187
145
103
59
202
241
167
21
253
203
188
26
276
59
193
177
173
86
113
104
210
190
274
174
87
219
59
226
237
189
169
160
270
230
9
84
264
66
244
203
21
196
193
290
116
53
40
186
11
194
213
230
21
230
271
185
51
227
151
278
293
187
88
135
70
85
207
158
199
100
297
105
12
47
240
25
253
194
25
136
286
224
92
70
128
182
19
165
135
266
288
218
78
210
249
124
297
185
127
61
115
42
95
167
41
142
187
236
192
48
264
54
98
68
228
194
216
85
51
129
51
127
173
185
256
2
249
53
195
112
86
154
27
294
96
33
63
114
20
292
229
74
268
235
292
41
144
9
137
294
8
107
119
64
121
106
188
286
227
254
7
178
166
147
22
124
142
284
90
248
86
3
3
132
218
270
200
28
141
192
243
116
9
63
21
26
94
65
296
110
40
196
118
260
75
293
41
136
221
141
4
212
166
24
158
103
44
96
155
122
240
134
139
140
267
285
207
151
55
253
276
243
189
81
11
147
175
224
45
131
106
102
180
128
248
262
74
6
50
185
297
98
225
75
61
167
154
28
200
125
66
222
64
239
115
191
63
57
99
29
59
77
290
166
126
258
117
275
177
13
144
290
39
80
102
120
225
30
220
203
154
170
252
218
47
164
248
239
155
111
97
242
263
237
91
137
171
81
198
25
191
16
189
232
71
91
130
118
277
98
250
285
186
78
32
166
149
219
220
297
22
201
295
88
123
109
259
58
57
262
33
27
224
256
54
106
134
271
114
181
225
79
83
62
159
4
100
13
158
119
132
119
116
251
94
155
8
263
123
109
130
177
95
232
224
153
238
191
72
161
249
129
222
161
29
219
147
86
85
165
121
127
17
178
63
2