215
43
203
170
270
117
294
34
26
271
297
22
296
14
175
264
192
277
110
169
76
176
94
7
149
232
268
71
161
173
65
190
288
112
54
234
84
85
290
48
190
192
240
125
32
99
258
27
199
208
153
185
299
122
196
204
250
145
224
5
33
259
286
231
224
197
164
219
230
276
295
285
196
204
25
141
57
216
202
140
176
187
9
160
109
85
69
20
102
74
124
227
65
200
30
278
228
71
228
125
13
91
12
172
226
69
298
213
68
257
107
277
248
106
101
158
149
201
114
29
154
147
78
108
240
162
298
85
78
205
46
56
67
132
196
292
61
36
93
134
156
167
120
86
61
56
150
2
168
243
98
113
165
257
87
159
58
152
291
216
6
120
204
196
270
18
140
264
147
65
133
142
100
40
126
190
269
166
72
8
111
183
210
20
236
154
9
144
255
256
190
4
105
253
13
210
262
264
200
279
73
169
60
3
280
269
77
108
167
40
174
169
120
181
276
135
29
39
199
261
201
110
239
196
93
277
229
154
243
113
2
20
87
66
161
141
193
268
149
250
222
260
243
132
209
58
26
99
84
266
261
221
78
286
66
4
149
71
5
70
275
55
115
232
98
37
97
213
64
182
127
22
96
108
82
60
210
252
229
206
226
244
153
3
49
51
213
176
252
200
61
90
20
258
89
230
28
222
139
26
153
34
92
90
35
39
283
163
180
209
90
273
205
31
227
122
294
127
277
179
134
185
11
34
130
22
141
106
141
211
158
281
181
68
288
115
227
39
222
256
133
270
240
217
264
179
167
263
89
220
63
90
253
185
110
55
242
294
153
106
203
36
184
271
289
172
138
130
175
191
23
66
210
22
231
300
217
260
257
15
202
36
96
266
262
117
109
60
79
130
74
36
188
262
216
86
178
260
74
77
116
23
283
22
77
140
194
70
41
170
287
226
235
117
188
123
258
244
71
217
195
128
133
160
283
186
73
298
188
187
17
271
184
139
277
70
240
186
90
111
212
101
34
197
109
85
72
182
119
234
296
286
82
69
137
32
58
170
35
212
232
186
159
90
257
61
64
138
295
147
238
266
140
268
208
13
164
60
57
289
22
128
64
296
149
209
29
226
243
110
171
6
169
115
39
67
22
192
139
195
270
66
76
287
186
103
284
146
275
244
81
225
191
213
299
115
151
19
97
196
208
53
236
286
87
65
49
61
71
201
196
188
147
12
266
57
100
134
284
67
83
157
157
99
84
135
21
203
75
204
66
220
27
293
86
242
248
68
218
114
146
256
285
11
97
169
261
92
241
280
280
104
153
116
71
244
205
46
204
205
199
117
291
249
231
257
108
66
264
278
7
9
43
214
159
98
181
65
74
43
97
175
104
261
259
266
151
105
203
96
18
166
71
190
51
204
36
94
106
178
252
258
221
27
219
279
166
185
47
34
253
150
148
14
211
157
122
44
223
7
139
18
48
48
34
195
241
1
75
193
123
271
146
197
19
213
107
170
113
83
91
106
249
44
128
199
232
244
90
72
111
62
87
98
235
135
104
252
69
41
99
117
54
89
166
56
159
84
195
74
92
295
221
140
138
116
193
183
59
177
20
22
45
125
58
40
4
172
150
255
86
53
251
50
110
62
130
182
76
53
16
107
120
172
11
24
167
124
171
190
14
233
16
6
132
186
278
55
173
156
179
257
206
180
38
96
74
66
216
278
208
109
44
88
235
240
115
176
26
135
161
134
159
166
116
107
133
184
165
265
124
287
277
119
70
123
50
125
100
209
182
188
255
87
86
216
86
281
178
82
236
281
184
86
49
65
241
42
244
51
264
19
246
32
201
280
95
134
258
198
68
237
37
166
211
162
219
76
30
29
88
258
87
14
221
244
90
22
6
272
183
136
66
250
182
46
203
294
250
232
104
168
156
147
220
41
38
26
237
116
28
227
263
25
153
19
96
300
242
143
198
197
217
105
176
235
46
102
62
104
156
198
96
214
138
74
43
47
249
247
56
138
108
166
89
79
83
297
270
242
146
237
188
101
300
100
251
49
255
66
140
173
122
100
67
17
78
133
42
1
69
23
261
228
280
13
96
163
189
107
84
296
192
100
278
199
24
68
113
190
212
276
224
278
242
77
149
63
9
154
105
170
67
100
6
152
201
162
258
101
149
135
122
89
110
174
110
243
201
41
188
159
16
10
133
275
188
254
106
182
38
279
215
38
231
152
220
192
184
57
43
42
155
76
99
138
195
144
129
275
201
240
120
135
185
55
60
260
249
249
134
88
12
144
189
246
189
151
217
219
120
279
103
290
12
212
177
51
232
41
14
243
149
173
180
102
282
91
5
290
30
280
88
205
178
63
267
44
108
93
187
230
100
152
8
80
7
52
50
33
203
193
219
6
95
158
12
218
63
68
173
231
36
191
288
37
152
69
75
45
277
32
156
145
157
33
160
71
111
98
130
293
128
297
247
183
157
27
280
158
33
40
96
193
278
152
102
188
122
105
7
172
35
290
14
85
244
126
136
23
206
250
35
283
255
281
209
186
99
57
239
5
289
165
229
245
136
85
4
214
138
28
210
205
139
139
1
58
170
76
202
279
37
55
102
147
218
287
281
6
145
160
212
52
170
63
148
85
86
137
22
268
222
65
258
189
41
204
284
78
40
100
277
92
197
99
226
136
261
16
20
68
170
162
197
179
63
218
220
111
296
270
54
1
95
119
50
215
145
286
260
183
271
167
210
246
293
213
153
39
229
270
147
163
28
23
77
92
44
27
16
213
138
2
236
25
85
70
279
47
256
134
219
151
86
100
173
128
20
238
135
243
191
100
26
151
286
132
104
122
187
49
291
193
139
64
80
205
13
206
75
62
58
251
252
235
119
265
149
175
285
178
48
132
254
234
49
8
114
33
187
130
143
227
216
210
89
22
1
191
80
296
9
299
172
258
113
134
134
116
182
30
36
54
117
216
6
131
117
140
231
50
245
244
100
253
16
295
17
216
209
211
158
237
145
67
46
69
46
224
180
50
136
149
17
23
12
73
285
233
170
160
64
140
53
168
149
160
67
170
57
242
17
131
13
70
19
145
47
238
131
118
258
102
254
196
86
65
34
100
4
237
87
174
85
240
138
230
132
36
186
270
211
256
139
177
117
243
234
123
8
114
101
178
94
153
246
213
203
18
271
208
10
83
116
159
229
295
232
294
261
205
52
112
53
282
179
243
195
112
144
115
44
14
14
114
264
239
32
201
18
246
11
156
149
89
58
279
92
172
189
15
27
140
258
34
36
20
191
102
204
64
216
41
200
236
282
145
36
216
37
157
96
190
46
137
42
83
112
82
135
57
229
222
159
124
65
24
149
18
121
226
78
146
268
287
245
124
273
22
78
40
156
94
45
121
141
89
229
102
144
174
287
231
175
125
22
242
157
29
214
190
277
150
84
45
14
109
250
209
121
187
295
298
293
53
54
103
114
15
80
3
143
155
126
125
86
225
244
300
28
185
91
223
29
265
149
241
217
74
135
151
207
2
47
65
95
239
186
235
1
45
81
33
28
159
119
187
213
277
155
212
35
194
42
57
163
94
41
18
189
64
280
293
5
46
265
115
86
255
5
103
253
199
103
228
228
5
70
272
73
88
198
195
99
176
223
48
297
11
292
122
64
99
41
14
199
201
185
215
202
266
147
157
71
207
31
300
262
187
176
209
109
171
13
85
40
53
232
68
194
134
286
235
192
290
169
119
268
259
77
29
161
27
187
81
168
243
262
35
11
111
42
262
201
173
31
141
256
153
50
193
189
271
284
66
86
231
296
285
245
43
278
43
242
199
206
18
254
253
4
117
114
37
156
294
296
232
162
166
149
37
173
233
229
251
257
269
214
100
229
278
134
166
114
124
24
256
267
267
134
67
131
89
216
148
263
89
151
244
86
293
247
75
125
40
171
28
38
186
175
104
242
256
170
35
256
300
110
69
100
109
151
202
146
202
134
259
109
212
120
282
172
207
110
140
200
209
141
98
193
37
282
201
223
242
58
196
235
17
186
155
133
80
188
55
143
198
123
228
251
270
11
51
284
55
219
198
21
142
195
252
71
101
67
114
227
79
173
71
273
127
148
293
217
87
181
228
237
291
47
270
212
101
197
109
109
235
11
20
112
294
27
57
220
255
232
184
228
184
58
247
181
23
178
171
23
91
173
175
2
258
70
193
41
273
63
281
86
194
226
219
84
94
47
134
214
295
176
218
220
78
156
176
12
249
112
118
140
94
7
292
66
218
92
234
165
60
147
201
186
135
15
51
237
156
100
169
67
85
114
135
138
134
54
97
256
259
89
153
269
132
104
180
234
176
247
187
40
85
182
41
66
144
154
59
200
287
276
35
180
134
296
100
250
25
4
123
251
50
70
204
224
165
16
101
102
229
224
235
160
209
289
64
238
102
157
240
101
224
96
118
270
89
51
83
229
105
73
283
249
50
171
70
131
3
131
181
79
168
105
69
129
94
254
88
168
129
15
82
62
215
159
292
187
16
57
63
160
24
104
173
254
56
234
59
54
182
277
138
107
254
286
18
250
240
140
107
205
175
139
115
267
288
260
19
136
265
282
159
167
294
209
296
163
257
193
9
125
229
65
207
237
167
207
229
55
29
147
278
268
9
163
46
133
225
290
267
37
149
90
44
246
290
73
107
128
174
265
141
214
7
69
4
94
171
286
113
189
285
220
254
290
63
134
149
89
125
284
288
35
150
191
144
48
294
264
107
129
161
126
106
8
174
80
79
121
219
40
202
27
219
120
28
231
226
184
108
53
252
126
242
48
42
188
77
262
94
99
6
79
245
8
238
276
26
194
272
123
148
176
277
3
238
202
168
12
142
147
241
152
199
103
267
217
26
135
77
52
207
214
258
71
138
238
193
286
61
138
213
129
193
16
73
99
44
158
94
28
104
133
40
219
51
144
129
72
267
276
136
69
41
201
69
260
58
274
36
43
258
24
201
82
195
77
69
288
20
260
2
199
178
76
206
147
294
196
264
200
158
133
79
85
176
120
276
224
237
242
206
11
235
101
83
203
200
54
95
246
54
239
69
7
102
269
88
57
6
260
266
143
279
11
247
247
233
36
123
255
28
176
38
151
290
182
159
224
105
81
289
116
105
196
170
258
299
282
168
43
284
107
51
141
40
254
84
64
146
252
246
170
153
111
174
34
119
12
76
145
195
281
123
228
253
86
201
246
137
197
42
171
188
147
53
40
272
34
297
6
86
188
135
196
11
245
141
202
225
31
249
7
296
278
103
5
124
139
141
280
47
162
17
195
239
139
17
248
178
22
53
300
96
11
200
67
249
184
8
149
153
140
122
126
88
173
41
298
156
164
176
138
131
147
107
172
266
59
223
278
35
195
28
231
18
203
8
155
12
117
296
196
174
184
19
115
164
198
218
84
161
61
249
207
223
60
21
38
228
230
101
79
211
178
50
224
44
66
179
153
182
109
23
159
119
288
35
39
85
208
256
276
256
155
125
139
166
50
86
22
204
289
213
257
223
281
168
296
265
172
111
198
67
178
45
4
274
19
16
299
229
142
12
280
76
16
185
152
188
168
22
250
3
96
236
117
19
180
146
255
26
40
212
50
46
189
89
153
287
237
208
207
254
140
44
84
259
199
78
157
253
128
78
195
97
99
237
232
89
220
283
122
176
8
58
45
146
281
136
191
271
41
31
271
284
151
15
232
87
180
239
226
232
200
230
296
120
199
112
183
103
100
47
64
212
163
142
216
120
85
267
137
25
32
151
167
109
264
162
226
184
299
87
163
71
190
160
251
31
203
281
186
272
130
234
59
202
115
263
111
286
217
40
284
131
87
156
243
241
73
247
291
277
197
177
256
216
132
85
237
246
126
194
156
15
72
25
87
140
59
83
19
15
287
147
244
178
139
93
190
150
151
48
172
287
76
214
13
74
135
212
117
223
81
124
271
275
108
6
64
51
221
186
111
201
17
132
244
141
140
276
75
54
210
98
48
241
133
293
220
12
149
164
283
46
254
59
14
71
18
299
164
234
275
27
259
34
51
88
283
245
187
282
228
189
47
182
65
300
26
161
246
91
225
106
152
252
280
85
62
248
9
178
64
172
73
96
110
189
66
172
50
295
180
37
165
242
101
219
171
286
239
241
21
110
184
208
175
184
205
158
287
269
198
297
119
259
179
255
39
109
64
76
298
240
264
78
185
102
275
130
16
59
163
199
79
103
140
217
229
272
9
170
10
103
259
27
289
280
143
230
180
4
263
236
89
229
84
64
133
109
17
145
41
35
234
11
70
169
154
288
92
265
39
30
259
46
184
59
239
147
19
58
275
255
215
262
5
213
269
21
17
266
132
69
153
121
232
192
69
6
47
272
58
273
213
5
240
254
35
232
268
46
134
4
271
66
293
214
112
294
254
112
84
123
26
175
205
197
218
235
191
81
104
218
172
240
184
288
286
51
26
66
270
281
30
220
3
224
279
42
294
16
178
51
41
130
276
242
24
78
10
155
116
75
134
225
232
293
159
75
71
132
203
245
129
198
18
84
282
258
174
64
259
103
46
115
152
296
220
196
23
149
29
158
70
184
290
292
154
259
102
188
9
135
231
283
220
114
297
298
116
245
21
4
179
178
56
200
198
52
155
203
299
157
231
125
183
179
228
288
136
253
6
115
94
137
221
68
249
122
239
205
60
297
31
90
148
55
177
186
228
253
83
173
136
94
238
294
21
130
249
130
185
298
61
196
164
219
177
120
10
35
7
16
127
117
114
49
285
219
62
56
5
156
145
170
211
236
237
264
282
147
210
269
239
193
280
227
183
122
231
107
61
176
143
158
246
62
83
230
137
104
253
94
281
65
208
150
14
109
7
80
219
35
69
7
137
182
48
16
53
52
174
192
36
162
171
137
37
125
131
69
50
122
256
263
165
211
42
179
204
254
116
50
23
262
184
176
282
64
80
7
64
2
74
162
44
265
5
283
182
235
75
73
258
135
275
237
252
229
281
123
24
40
198
182
157
81
124
240
265
23
236
142
225
106
212
261
114
297
252
200
184
119
28
257
274
92
203
57
215
217
16
269
281
7
131
67
12
22
233
130
63
17
16
77
291
281
137
48
236
131
178
271
270
59
136
155
115
57
183
256
234
286
75
68
243
146
182
43
278
61
25
208
85
7
254
105
14
253
297
248
227
190
199
121
237
196
293
110
249
204
188
215
213
185
189
15
196
21
238
225
226
134
130
28
290
43
207
128
3
8
201
21
64
40
133
229
35
21
58
44
102
256
168
15
93
22
98
266
69
29
138
145
163
156
204
263
247
219
43
207
100
197
209
59
282
82
236
150
13
147
202
60
216
176
285
96
165
59
162
279
238
209
188
215
132
271
205
191
56
110
29
141
114
48
55
219
273
194
136
206
92
48
124
62
11
279
194
23
12
28
296
189
150
65
163
231
295
243
283
116
86
178
10
204
150
142
169
121
253
167
127
290
279
101
240
176
199
270
288
70
37
41
213
94
59
125
199
30
28
165
183
221
66
120
74
71
218
135
158
189
66
223
33
109
183
8
233
46
269
23
66
30
81
123
17
220
36
233
159
227
182
19
150
189
219
137
64
253
123
263
98
136
65
243
229
76
23
245
158
267
162
295
99
109
262
158
286
158
162
157
230
258
69
140
112
130
18
287
151
241
43
164
290
296
142
141
88
226
106
133
55
244
132
158
40
285
274
124
244
273
123
34
267
82
15
101
47
31
233
160
251
88
128
172
154
228
200
179
102
199
183
73
90
134
138
177
219
163
127
237
268
97
144
206
61
240
252
258
41
283
189
101
135
1
218
83
44
217
24
190
75
279
93
90
296
35
202
258
84
134
283
250
285
112
194
263
245
74
10
22
255
83
168
111
61
111
122
298
103
238
261
12
231
13
217
163
189
206
40
150
127
85
139
215
136
85
26
184
93
194
293
13
249
53
80
281
175
101
196
28
269
53
170
223
159
71
228
224
276
5
257
164
23
130
216
181
137
247
258
151
213
186
163
281
174
59
191
185
44
64
281
66
79
267
186
176
2
17
232
28
290
250
218
188
44
118
224
203
145
59
296
5
95
174
84
163
236
147
226
96
88
147
81
76
37
24
215
12
191
246
168
24
89
200
60
20
88
82
277
112
257
187
248
88
144
249
138
289
236
211
52
12
216
190
295
46
74
137
189
215
73
32
245
98
162
262
144
31
107
100
182
87
50
102
261
124
67
165
164
163
265
208
194
172
119
52
297
48
105
279
294
79
276
286
65
220
97
47
180
151
210
21
78
161
143
155
241
296
265
60
177
60
65
151
77
97
85
123
169
177
146
272
233
29
19
196
25
23
280
290
173
52
178
229
91
122
155
193
219
189
113
262
135
32
182
17
163
260
114
93
189
18
109
127
225
64
29
221
251
223
106
226
130
124
46
167
294
24
6
243
277
62
97
74
198
84
116
5
134
279
82
154
230
213
88
64
201
57
144
153
128
219
51
207
90
21
284
20
202
239
232
167
10
33
151
115
178
238
18
134
53
297
203
150
149
89
5
236
109
69
135
30
293
167
75
205
140
227
13
66
64
101
88
240
239
275
60
154
233
221
174
263
91
89
226
211
251
73
6
22
12
128
293
239
16
61
137
275
74
132
239
70
130
207
213
185
265
160
13
184
67
42
90
247
158
56
41
292
67
263
97
240
64
152
228
205
165
53
298
1
104
194
185
174
67
14
263
217
163
289
167
250
78
245
286
248
254
57
249
109
50
254
104
300
195
72
64
64
198
25
217
168
244
63
194
21
173
252
36
231
57
24
126
89
77
287
269
101
81
29
259
117
188
47
14
209
128
85
147
278
222
186
180
83
82
266
40
231
254
216
215
79
129
103
11
20
157
95
266
223
10
225
120
237
128
251
225
133
5
21
93
96
165
64
57
117
212
221
6
248
276
208
156
93
154
191
162
89
27
192
75
233
221
268
297
150
196
80
61
15
154
106
288
276
279
292
257
41
216
147
61
197
87
196
189
154
235
208
48
285
174
249
236
114
133
164
37
289
168
291
130
245
221
141
272
33
157
47
51
153
172
213
128
18
47
34
48
137
148
274
256
196
180
120
76
130
202
78
69
1
120
68
126
109
289
48
233
264
108
282
3
234
90
259
270
176
106
30
256
253
121
191
265
28
58
123
167
171
138
54
115
250
84
102
209
30
103
257
90
223
17
6
43
216
144
85
57
185
105
28
196
179
52
134
242
245
147
183
251
288
286
153
260
280
260
62
27
218
135
94
120
221
129
217
30
44
147
25
175
156
136
227
88
225
128
35
177
83
142
252
40
46
163
123
55
298
184
221
256
140
78
214
235
142
244
39
258
53
33
79
156
47
93
54
164
139
206
94
286
14
121
292
194
150
82
46
285
260
151
189
276
265
38
1
266
120
268
260
103
270
170
119
138
16
145
58
227
205
279
185
179
62
92
264
183
71
86
282
238
11
237
131
117
29
198
234
24
208
35
112
136
257
150
174
220
145
123
61
288
49
260
282
236
44
96
8
198
24
86
22
120
92
238
271
247
170
105
121
40
217
21
38
48
201
270
200
143
75
165
147
132
220
162
16
161
163
72
113
151
65
263
10
235
119
137
81
134
103
25
23
163
218
35
147
91
99
281
157
226
84
285
110
295
43
163
71
101
271
144
89
288
108
34
1
31
247
132
114
234
263
30
44
139
157
180
142
60
48
214
229
275
133
223
107
71
46
247
175
160
50
148
15
187
298
116
27
88
44
268
77
118
153
86
141
256
109
142
180
185
254
126
179
7
170
289
152
135
152
135
17
252
203
84
156
154
71
229
127
1
53
11
75
86
86
142
160
228
150
75
171
106
84
253
135
229
223
287
22
100
179
39
48
32
256
217
30
212
6
239
274
234
275
57
297
30
48
232
210
59
238
15
283
55
152
62
179
48
230
1
270
115
144
184
261
203
53
232
189
106
287
267
296
121
250
251
128
248
263
19
262
113
274
45
134
10
273
233
117
72
209
11
139
199
154
195
159
247
288
188
233
284
149
81
43
289
116
214
146
184
8
194
85
112
156
118
76
218
151
120
181
291
152
85
155
299
274
297
207
36
8
294
223
62
204
247
17
193
267
213
97
257
139
54
179
43
176
276
133
101
267
24
205
30
95
105
164
95
15
46
278
120
49
270
292
4
233
55
297
120
29
93
5
288
115
16
136
289
16
221
226
67
261
36
34
16
166
79
232
37
269
6
71
191
249
68
180
200
252
151
300
233
1
105
275
294
59
263
100
222
285
217
73
246
123
82
10
34
33
143
237
236
170
190
278
217
24
267
234
30
187
290
230
68
221
268
50
45
130
86
60
75
119
191
269
96
230
98
175
233
242
20
174
39
124
32
198
132
97
188
125
36
72
125
280
122
105
187
150
198
61
16
204
70
56
280
189
44
43
15
235
231
196
10
104
161
155
94
134
226
279
206
93
226
114
206
55
70
54
161
186
152
118
250
56
299
219
256
286
242
84
210
96
43
208
298
92
96
49
98
229
194
194
17
92
226
232
180
271
283
55
49
297
55
193
51
99
136
219
108
245
59
278
109
168
216
228
109
44
294
112
276
75
51
84
63
175
146
245
237
105
265
205
205
298
222
289
22
62
131
207
128
251
56
55
126
295
7
41
202
64
288
130
43
3
224
153
299
255
33
207
287
246
176
241
164
8
165
226
195
229
274
198
19
180
92
271
209
250
221
159
288
117
5
113
200
243
201
120
53
63
280
154
86
203
225
27
174
252
277
261
185
30
269
209
90
19
111
76
46
67
75
167
39
141
262
284
287
106
125
102
17
111
123
245
9
145
137
96
46
212
18
81
7
153
202
180
21
7
165
23
125
153
286
156
204
65
132
172
221
159
240
47
24
120
172
300
56
117
293
105
299
19
107
25
196
178
248
209
176
44
194
120
259
170
111
110
19
67
77
66
49
291
293
266
70
93
46
285
105
19
164
63
35
152
76
266
86
168
82
102
54
62
185
49
295
91
192
22
78
157
247
245
99
38
47
267
74
44
254
276
211
80
60
19
64
115
165
248
161
114
218
78
145
132
144
136
11
77
156
47
185
55
264
47
242
109
29
225
124
179
242
201
132
212
44
141
129
251
124
216
259
299
253
28
138
293
263
238
196
99
85
34
14
31
29
123
123
205
104
216
18
58
82
256
117
142
67
44
300
163
234
63
277
8
242
189
2
15
137
147
52
178
79
212
160
262
277
94
268
159
93
13
236
29
268
158
270
19
186
62
254
86
128
227
153
47
79
202
187
179
94
232
129
20
223
285
29
97
222
191
72
271
67
99
104
214
128
276
130
219
103
46
168
5
275
80
195
245
55
172
144
202
126
243
221
60
55
63
197
183
15
33
74
241
165
295
263
94
25
118
190
105
238
99
167
11
232
38
231
183
85
202
143
71
58
226
20
42
160
174
205
76
243
47
27
231
43
64
290
265
223
221
298
176
249
69
113
248
139
135
130
147
245
127
32
59
156
295
8
90
73
33
219
63
80
200
8
55
77
298
188
214
9
11
16
277
275
280
105
17
79
296
3
185
225
249
224
89
211
257
165
122
275
91
285
90
211
5
45
110
254
92
121
44
34
249
225
255
145
31
175
233
161
195
172
272
76
182
113
199
145
84
63
70
106
23
181
173
285
239
145
16
123
203
67
189
290
204
88
31
231
179
145
226
5
281
199
153
269
76
81
218
202
71
290
26
33
256
109
169
293
282
116
209
66
209
77
166
194
174
246
27
254
224
87
282
259
286
120
273
36
171
228
92
296
290
18
244
202
137
38
195
128
255
109
155
99
49
62
293
199
105
287
20
35
206
165
19
111
5
257
119
181
9
269
256
227
211
175
277
76
129
299
131
258
245
148
197
17
55
194
58
285
165
19
101
31
198
182
120
151
218
16
294
40
54
53
79
25
92
216
132
124
254
169
194
269
254
289
24
25
85
28
260
148
286
149
149
21
247
227
194
270
237
171
131
184
229
23
243
261
99
273
205
82
55
270
221
17
32
50
129
262
150
288
146
149
112
63
99
190
112
273
291
54
76
103
42
219
9
281
169
175
246
73
59
88
205
175
198
52
226
60
104
81
153
224
107
236
177
167
73
27
208
143
14
276
178
157
69
216
174
50
38
103
36
189
224
33
139
59
215
178
212
72
252
66
183
152
112
162
262
100
266
254
39
5
97
113
212
6
73
290
143
183
146
73
91
177
214
185
61
250
133
34
292
159
164
287
28
251
18
3
284
19
18
240
218
254
122
281
9
294
139
239
37
82
72
72
265
279
284
148
22
84
208
253
15
25
154
279
165
160
122
101
15
231
55
280
203
110
155
226
248
172
250
22
131
176
211
221
64
31
176
40
85
24
295
282
62
65
69
82
121
89
6
51
100
227
6
234
177
146
260
143
36
142
89
235
53
140
216
100
75
297
214
8
220
80
204
233
63
216
61
233
93
99
295
127
149
154
230
152
164
102
242
44
148
72
226
210
41
300
243
38
259
100
248
179
96
188
278
23
65
259
211
19
28
167
234
193
281
222
98
231
100
196
164
203
126
144
120
136
202
52
171
93
217
297
263
172
15
61
1
55
231
207
98
13
212
235
5
271
237
215
101
114
283
94
100
92
225
58
25
8
55
123
201
102
87
13
89
143
19
252
242
123
50
190
7
207
132
7
66
256
113
123
52
13
21
94
187
56
5
49
20
115
264
136
277
47
70
141
229
88
190
30
76
60
185
291
113
71
25
299
290
290
36
111
38
295
223
192
140
271
208
111
140
204
163
271
110
293
16
179
107
163
19
106
153
295
86
288
195
277
259
247
33
138
209
89
65
185
28
51
249
169
159
164
81
165
140
243
120
107
277
5
65
191
96
99
29
208
70
252
161
31
40
211
266
73
49
150
214
252
16
202
200
117
191
52
246
251
245
53
77
41
17
180
115
96
28
226
177
288
220
7
50
278
146
89
148
281
81
93
258
243
85
252
149
167
61
240
159
297
140
102
287
185
293
129
4
224
294
183
18
195
106
46
271
217
164
213
154
95
11
73
185
33
121
168
169
43
272
121
25
134
47
9
175
158
255
173
296
19
184
128
5
255
154
85
142
33
25
247
242
256
279
110
271
170
10
157
111
225
103
151
10
15
138
33
179
294
200
106
195
255
251
125
192
71
216
53
274
178
241
273
145
286
178
190
181
32
47
293
277
290
127
275
159
113
91
208
189
23
18
267
249
73
189
24
213
221
132
202
199
81
160
99
81
195
169
249
259
79
251
227
258
254
147
233
249
255
246
53
229
189
158
107
66
129
164
108
157
74
262
247
269
192
76
66
300
95
258
200
171
114
184
134
271
49
116
171
39
29
102
173
297
141
252
25
172
233
196
247
207
227
36
256
44
176
78
129
211
10
179
200
201
189
99
88
88
157
108
86
16
11
269
60
244
281
22
181
96
148
174
297
222
155
121
181
160
231
263
84
276
278
133
225
192
65
21
111
213
292
164
285
55
174
75
237
9
213
263
240
112
53
243
98
158
43
282
268
259
116
206
225
72
124
152
141
263
256
175
103
114
156
62
291
216
208
162
189
274
236
135
114
273
267
224
51
128
272
30
104
134
209
231
207
27
20
246
65
248
205
184
252
86
13
95
19
91
101
6
243
223
4
97
30
16
11
9
11
173
181
43
261
39
227
7
168
297
130
49
207
267
117
167
129
3
148
197
121
298
91
236
169
115
240
238
51
77
95
31
72
191
170
40
92
227
221
211
262
274
210
154
90
52
156
7
3
229
45
10
285
113
206
207
168
62
181
152
150
168
297
117
229
237
92
68
71
145
250
164
229
252
114
5
202
168
163
104
122
121
223
84
1
134
157
95
86
178
93
208
61
19
176
138
117
76
221
181
261
23
109
16
123
148
8
138
233
1
116
229
68
237
216
226
118
101
228
59
49
128
11
268
291
159
97
131
78
260
103
89
78
210
274
150
212
141
141
93
120
100
78
188
184
238
58
114
212
145
272
5
18
294
271
195
66
31
16
297
214
5
147
18
236
212
228
4
191
9
248
116
161
133
290
127
63
104
233
155
233
167
72
155
25
261
56
106
15
131
132
107
225
252
240
27
38
15
244
33
78
234
165
288
291
134
210
55
98
163
167
24
25
97
66
202
229
183
284
235
41
260
66
11
186
232
51
280
146
298
2
262
60
168
88
2
297
59
119
206
54
204
170
243
272
256
243
274
105
295
43
68
40
285
142
225
273
171
286
267
254
71
243
53
52
2
241
284
17
88
23
275
170
278
290
69
161
112
31
208
57
182
37
231
117
194
198
41
54
77
248
10
156
15
152
121
2
14
50
153
3
262
13
35
163
65
161
267
233
131
163
129
102
96
124
156
88
149
21
281
13
283
177
107
33
214
292
92
155
223
63
263
181
124
82
48
274
206
35
269
170
199
64
176
143
271
57
29
193
79
280
274
119
202
169
140
170
160
290
40
17
165
179
144
165
153
295
135
119
133
153
222
188
246
236
220
197
286
248
278
263
210
153
258
136
240
288
23
185
248
284
49
17
208
259
92
33
160
261
268
1
82
296
14
168
181
55
154
128
17
141
50
230
175
184
210
99
12
58
15
248
270
256
37
65
258
298
226
27
40
205
66
156
55
227
273
216
68
115
95
289
263
162
86
169
29
266
257
112
283
25
245
45
158
84
165
300
196
201
27
283
98
160
215
287
114
153
136
169
54
182
12
211
266
166
128
226
140
48
271
285
77
144
19
77
33
127
295
44
265
159
210
120
62
280
229
178
178
93
288
198
33
285
106
91
224
137
36
88
91
80
138
141
149
195
152
72
272
145
290
172
78
148
3
222
7
266
186
215
115
15
228
71
2
47
59
97
134
132
203
248
99
248
291
179
25
38
88
170
253
131
224
210
156
172
124
17
146
56
101
215
21
194
199
168
153
17
60
268
102
222
265
82
121
96
19
125
102
88
156
111
299
271
153
266
286
126
233
135
181
272
52
208
169
10
250
77
89
13
243
197
165
178
258
140
187
234
214
62
270
202
63
255
251
174
161
200
115
160
57
8
279
259
176
201
145
300
79
127
251
270
88
276
74
10
28
53
58
193
290
296
14
80
68
195
119
1
111
102
255
123
45
143
237
152
92
241
119
286
64
85
300
268
110
13
266
272
50
290
183
291
166
225
111
100
216
173
163
19
264
140
96
175
108
212
231
135
142
89
123
212
177
168
212
176
51
99
79
146
251
124
200
57
102
80
97
212
262
50
13
146
247
112
7
17
24
128
203
161
178
83
18
292
155
12
70
125
203
188
227
61
244
248
265
130
142
224
278
27
105
124
27
161
267
191
122
50
154
59
53
165
6
8
39
63
206
121
282
280
172
221
77
140
186
82
132
218
290
232
284
242
181
297
17
93
213
245
61
30
65
242
232
54
205
261
63
133
79
118
235
127
146
281
123
20
300
180
183
213
264
56
167
271
52
44
218
230
217
14
236
14
140
100
164
209
168
292
175
290
196
11
69
65
300
240
261
294
1
25
293
231
179
91
236
195
124
188
114
217
230
166
43
101
230
50
222
137
109
57
290
236
72
260
178
219
282
170
111
211
100
98
115
8
192
268
190
230
268
218
3
152
248
261
131
16
226
80
247
67
235
279
87
146
105
258
23
293
202
174
204
199
8
78
34
163
54
91
125
207
138
185
76
131
69
70
243
260
110
253
51
79
279
83
295
41
261
211
6
110
209
101
278
222
281
37
217
219
297
167
244
162
104
2
181
247
61
113
23
51
82
162
209
229
232
168
199
3
49
198
91
241
112
43
128
114
120
104
98
3
42
107
179
150
8
150
99
172
272
32
14
133
277
41
2
149
76
70
165
178
280
177
248
138
7
232
226
202
58
53
119
53
67
35
36
143
173
207
157
204
162
185
230
162
294
118
28
48
295
217
155
197
95
147
47
293
117
21
273
162
133
20
49
38
169
297
97
111
164
299
153
66
123
38
259
32
284
238
136
243
28
5
74
56
1
115
74
275
193
166
92
26
259
152
258
5
229
108
152
70
203
232
290
69
139
273
62
181
161
90
254
7
102
258
286
25
56
252
133
295
96
189
232
157
23
1
163
208
61
14
283
152
18
262
131
43
38
124
70
283
206
283
282
151
66
71
19
225
29
195
242
152
164
61
223
233
53
224
149
253
175
251
90
37
127
270
171
16
55
66
158
285
231
21
2
150
264
50
201
180
268
271
104
164
69
32
88
298
87
120
8
156
275
72
231
203
38
158
86
119
36
155
215
135
188
297
127
96
148
42
276
30
90
75
255
284
273
39
71
5
42
252
265
140
229
232
293
240
287
65
77
67
131
216
224
67
48
225
266
60
6
37
75
279
58
69
200
101
112
289
184
107
247
298
220
64
85
19
79
71
121
154
87
136
242
26
169
209
199
150
266
160
85
44
179
267
297
58
102
100
60
251
199
65
90
44
34
111
249
117
132
275
234
37
139
27
21
145
93
53
16
299
102
70
98
266
31
52
51
67
143
24
218
101
268
53
41
39
35
71
275
136
291
7
241
103
5
180
27
42
118
14
263
183
132
50
253
15
91
13
269
300
108
74
98
15
33
19
82
295
93
279
249
132
57
92
121
140
153
153
45
166
42
245
223
252
297
105
262
237
100
155
63
65
84
201
9
57
152
168
246
75
125
273
96
19
197
5
175
143
290
81
92
234
104
21
37
287
279
20
64
32
23
122
290
224
201
186
292
204
268
17
250
272
218
150
95
130
13
13
154
169
59
191
53
124
138
168
204
54
131
90
109
200
193
98
32
37
31
250
167
75
290
297
174
50
286
236
201
282
91
30
102
219
160
230
233
49
280
143
1
131
272
290
47
21
277
154
111
285
125
178
216
111
171
149
129
197
42
197
24
4
289
57
181
40
210
186
249
259
240
240
88
214
92
248
186
118
248
286
269
54
180
291
100
4
80
32
5
56
288
274
119
174
253
258
174
27
32
167
140
64
76
283
54
72
94
139
205
244
103
12
196
226
252
278
287
69
167
132
259
135
287
105
223
294
173
146
128
274
285
141
170
9
63
177
30
233
69
197
41
76
240
122
234
47
64
257
222
253
244
76
295
45
247
11
95
189
177
225
61
195
271
54
103
59
222
37
112
97
171
84
30
278
226
168
169
122
251
61
50
14
79
109
5
236
27
30
115
262
6
265
158
279
218
290
202
220
32
277
272
297
47
160
295
43
220
224
158
147
226
47
116
21
124
147
26
39
235
226
239
6
104
54
9
156
86
173
17
233
113
156
10
178
66
211
209
36
155
14
176
37
177
32
10
28
29
210
283
201
209
247
187
225
21
84
132
193
288
83
208
122
24
113
151
164
288
155
44
107
239
159
8
266
43
178
94
223
132
91
243
238
206
259
120
142
12
52
36
170
228
240
144
42
202
65
202
209
272
111
77
212
200
143
210
172
270
49
291
42
22
236
76
172
263
25
94
16
132
108
105
113
138
78
53
164
228
222
192
11
63
3
242
225
276
73
101
112
75
108
155
200
244
189
285
57
175
67
250
63
250
152
229
243
56
16
254
30
126
219
264
203
294
219
71
176
294
219
173
164
74
114
240
229
243
42
28
11
49
51
88
218
16
204
147
235
157
225
222
91
299
217
94
168
191
110
163
223
82
265
139
65
157
197
152
295
101
20
81
185
101
284
31
218
27
152
226
113
4
261
190
135
115
45
238
58
208
193
114
84
181
40
82
173
172
10
288
49
287
275
129
205
28
172
261
86
271
22
55
31
110
272
161
277
192
45
106
101
83
2
293
236
300
150
186
36
5
227
40
205
15
215
255
171
92
200
191
293
295
290
47
61
126
300
223
175
28
272
206
147
280
107
41
233
3
54
151
54
204
294
255
240
101
216
133
88
57
254
106
174
125
45
63
68
48
184
288
170
205
71
223
34
31
169
110
181
11
225
221
257
172
290
29
267
198
2
271
12
276
66
30
251
155
138
286
150
8
105
21
42
213
39
276
230
43
37
198
8
124
286
101
276
55
88
195
147
174
272
169
96
76
183
203
4
146
6
288
211
53
166
243
190
99
122
219
52
68
254
10
197
291
119
26
129
131
247
261
9
51
276
92
254
71
194
196
123
196
9
58
13
147
72
103
84
36
140
80
237
34
226
175
75
146
287
74
193
288
71
295
69
48
173
115
136
101
27
291
14
265
274
52
161
281
81
29
293
59
33
82
108
187
121
256
155
132
20
87
243
165
240
293
115
236
11
25
88
150
241
182
248
284
122
34
293
251
128
266
141
149
178
29
177
37
253
218
176
151
224
231
35
262
188
24
122
108
154
139
192
131
171
199
126
292
87
23
124
18
179
221
111
237
169
141
296
87
102
228
26
66
2
82
128
297
119
215
222
175
64
161
235
61
271
296
97
173
168
239
42
47
34
32
157
238
48
77
37
297
230
223
184
91
287
267
213
224
218
39
204
21
236
166
281
89
223
239
126
235
132
1
46
176
258
198
269
168
165
54
15
144
252
23
37
251
140
164
270
159
133
192
293
137
140
163
194
71
187
92
125
65
204
221
151
298
269
206
20
94
113
254
144
245
45
169
26
79
28
173
76
142
176
13
22
64
222
230
5
188
244
55
186
102
46
179
72
26
297
229
7
230
165
71
183
220
93
69
1
141
219
78
67
150
10
291
150
241
127
135
88
224
273
268
292
49
7
261
102
121
284
143
255
65
102
201
245
279
75
29
249
217
156
98
151
31
4
206
276
259
240
143
79
256
107
191
295
128
162
152
5
101
133
293
71
268
37
124
296
95
289
274
87
277
25
19
155
229
286
197
185
173
70
198
208
124
268
8
157
72
149
275
276
145
278
138
49
295
202
60
138
211
101
297
211
297
205
89
280
181
39
73
153
71
67
56
108
144
192
81
112
260
17
132
215
21
194
216
38
236
293
287
5
51
129
32
51
71
94
49
202
68
233
55
190
232
149
115
61
32
43
289
297
173
74
279
67
106
124
135
144
124
68
78
27
35
84
78
96
32
117
222
247
144
273
255
265
222
15
159
156
277
16
114
55
249
199
81
156
43
141
40
262
204
243
13
283
54
177
82
55
4
110
298
78
211
297
9
154
284
247
60
165
229
138
210
193
123
275
137
75
62
100
259
195
208
144
230
166
105
296
69
90
207
220
283
152
53
187
171
191
123
124
19
106
289
204
258
52
132
112
208
197
44
256
61
237
113
221
115
242
92
143
16
60
178
4
294
155
248
104
152
9
39
143
66
291
35
253
138
269
198
269
240
155
50
282
56
241
216
183
204
34
197
25
241
105
263
70
227
283
102
63
98
38
121
175
181
27
232
145
206
24
62
245
221
29
74
12
55
20
269
293
99
163
245
263
73
238
217
57
165
300
25
265
69
34
64
287
196
174
13
70
58
68
145
27
18
101
293
133
148
6
154
199
164
285
138
229
223
283
197
167
148
188
287
289
246
290
57
23
72
119
6
33
183
225
249
233
15
205
49
131
220
223
231
167
271
160
98
91
298
198
264
165
247
246
173
247
153
14
181
33
263
104
225
92
277
226
196
289
177
220
9
48
15
25
57
214
45
238
169
185
155
108
286
75
253
52
138
249
260
146
254
71
283
125
179
220
258
57
32
210
26
97
83
150
53
192
143
140
118
263
147
157
251
289
100
197
36
245
163
171
78
108
146
120
258
191
100
271
190
107
223
102
105
231
28
59
99
71
274
227
247
106
130
44
132
269
298
126
275
3
242
278
197
167
289
132
197
246
110
190
213
194
23
188
126
59
130
279
233
288
68
126
11
292
78
138
270
95
59
221
176
99
75
111
55
268
150
237
17
32
300
18
75
281
112
229
27
180
282
162
27
169
60
114
165
77
90
103
124
178
185
66
4
74
190
22
67
10
266
185
90
254
72
41
253
105
202
141
177
267
220
171
77
6
42
227
270
222
67
32
24
279
114
182
54
157
255
146
39
300
128
294
89
12
230
117
17
88
217
128
29
53
244
286
74
292
138
126
12
243
264
261
123
53
221
188
104
262
250
169
96
89
37
137
266
210
60
222
88
220
143
251
226
75
198
253
264
47
185
229
19
93
175
71
155
46
19
57
44
24
209
272
211
112
100
179
80
230
227
293
51
283
232
262
174
234
14
77
201
82
113
220
299
97
229
51
8
188
201
30
144
186
104
232
130
276
64
95
186
140
192
94
33
165
148
160
256
271
223
21
234
289
19
198
144
87
268
93
78
116
148
198
241
70
215
264
193
89
31
2
257
133
104
143
123
267
48
86
197
293
123
115
177
144
211
287
143
73
44
41
112
39
45
42
173
209
87
111
170
269
121
236
9
216
95
84
33
113
87
198
113
249
40
22
1
171
154
89
41
14
145
211
17
215
261
94
149
251
61
274
192
221
31
80
262
277
95
210
238
64
76
224
242
160
136
135
28
219
277
64
63
31
255
232
190
290
24
132
86
224
129
217
209
170
87
261
144
245
52
162
267
270
178
108
91
7
61
203
209
32
186
60
32
160
263
245
137
48
291
249
150
244
231
170
54
94
222
4
166
50
119
173
223
272
294
54
35
65
224
139
42
101
170
242
133
71
37
166
221
5
141
123
161
153
109
79
91
194
262
8
155
298
38
15
105
286
51
101
194
174
25
196
23
223
263
213
194
158
103
93
232
229
56
139
265
18
170
195
161
291
134
293
142
123
261
44
92
101
262
260
198
161
282
6
150
282
123
75
147
143
44
275
144
290
24
266
288
246
4
256
54
291
266
215
143
80
138
219
224
147
146
147
277
119
87
24
135
77
194
119
253
281
119
19
272
262
233
237
29
55
225
185
265
216
148
243
71
284
192
178
77
87
174
228
108
255
32
161
144
201
196
77
148
225
14
202
114
5
198
85
23
204
247
52
178
114
69
9
163
179
243
135
149
153
130
23
161
152
182
239
256
129
91
20
78
95
193
15
261
132
96
55
290
271
41
168
202
18
231
141
224
24
181
275
45
6
14
47
110
222
125
205
183
140
39
75
292
101
249
211
139
157
116
7
189
288
48
298
220
153
257
72
254
282
149
192
154
117
184
278
138
3
184
283
242
117
264
187
74
156
240
11
204
123
239
139
162
53
5
231
88
184
242
92
104
245
122
30
86
126
100
122
51
299
129
150
59
210
105
45
203
161
92
204
8
217
89
191
153
243
30
285
219
238
216
16
179
188
207
70
107
58
84
279
75
87
224
15
221
193
24
34
175
90
103
224
56
10
156
176
273
242
132
14
291
233
180
191
297
131
246
145
68
147
261
72
139
211
225
285
177
54
259
22
200
108
120
196
246
44
296
61
299
280
236
162
144
76
239
77
31
278
154
225
82
138
56
216
204
218
67
55
267
196
261
110
93
187
89
77
101
223
123
269
142
181
98
107
77
169
49
185
101
111
101
285
79
259
115
139
117
109
1
167
202
125
233
40
102
208
235
49
35
161
63
92
16
113
103
220
150
264
265
38
220
8
100
63
204
25
77
231
193
15
230
262
289
204
41
102
150
17
21
254
40
16
90
78
145
134
268
262
204
98
186
275
170
271
4
22
34
184
43
109
160
34
215
144
98
86
296
134
254
217
151
163
137
154
133
61
264
284
118
28
25
236
197
27
275
49
218
271
1
255
110
30
259
42
35
245
105
143
277
189
133
37
286
228
169
245
231
281
196
181
97
269
89
118
299
70
68
242
173
49
183
89
60
72
125
214
129
99
199
153
293
292
221
136
62
252
184
271
222
142
194
9
140
11
160
204
49
237
263
183
167
200
33
88
95
193
132
95
289
244
58
108
289
120
227
244
294
89
53
190
292
223
24
298
28
152
134
189
9
212
249
283
163
15
236
226
63
51
101
196
287
175
280
270
62
221
146
65
7
19
82
82
229
283
137
4
114
142
20
186
56
170
204
131
40
196
114
124
124
113
250
196
246
124
188
192
116
99
28
262
35
222
18
48
84
34
82
201
72
92
275
118
130
174
61
247
173
165
13
218
115
159
168
185
70
183
243
87
74
101
28
92
29
260
145
260
207
192
142
233
131
85
33
213
183
175
47
264
189
200
39
65
37
135
110
194
231
23
242
258
255
208
176
167
73
232
244
292
190
263
118
179
47
276
60
144
145
282
181
201
285
199
50
93
83
137
72
266
180
172
232
268
180
55
180
135
126
25
26
176
189
130
221
14
205
57
14
12
238
269
162
117
5
38
150
280
270
54
131
193
299
47
217
6
216
12
251
214
257
168
82
115
157
291
297
16
228
293
156
170
114
258
149
149
76
200
295
182
179
25
279
194
257
100
54
61
64
284
205
49
230
260
140
194
282
148
66
254
293
141
283
271
172
71
206
273
289
275
211
47
135
120
232
157
4
187
66
161
8
51
295
136
22
238
147
47
242
219
89
24
261
293
220
22
51
240
61
255
178
288
134
146
207
165
245
211
257
277
132
221
197
135
296
88
130
97
28
267
284
112
259
165
32